1 1 (71) 1 : 0.358 0.000 0.642
2 2 (95) 1 : 1.000 0.000 0.000
3 3 (47) 1 : 0.664 0.000 0.336
4 4 (54) 1 : 1.000 0.000 0.000
5 5 (79) 1 : 1.000 0.000 0.000
6 6 (34) 1 : 1.000 0.000 0.000
7 7 (96) 1 : 1.000 0.000 0.000
8 8 (52) 1 : 1.000 0.000 0.000
9 9 (13) 1 : 1.000 0.000 0.000
10 10 (49) 1 : 1.000 0.000 0.000
11 11 (57) 1 : 1.000 0.000 0.000
12 12 (95) 1 : 1.000 0.000 0.000
13 13 (83) 1 : 1.000 0.000 0.000
14 14 (44) 1 : 1.000 0.000 0.000
15 15 (43) 1 : 1.000 0.000 0.000
16 16 (30) 1 : 1.000 0.000 0.000
17 17 (53) 1 : 1.000 0.000 0.000
18 18 (43) 1 : 1.000 0.000 0.000
19 19 (62) 1 : 1.000 0.000 0.000
20 20 (27) 1 : 1.000 0.000 0.000
21 21 (28) 1 : 1.000 0.000 0.000
22 22 (16) 1 : 1.000 0.000 0.000
23 23 (34) 1 : 1.000 0.000 0.000
24 24 (53) 1 : 1.000 0.000 0.000
25 25 (65) 1 : 1.000 0.000 0.000
26 26 (62) 1 : 1.000 0.000 0.000
27 27 (72) 1 : 1.000 0.000 0.000
28 28 (72) 1 : 1.000 0.000 0.000
29 29 (64) 1 : 1.000 0.000 0.000
30 30 (43) 1 : 1.000 0.000 0.000
31 31 (48) 1 : 1.000 0.000 0.000
32 32 (63) 1 : 0.735 0.000 0.265
33 33 (82) 1 : 1.000 0.000 0.000
34 34 (33) 1 : 1.000 0.000 0.000
35 35 (67) 1 : 1.000 0.000 0.000
36 36 (36) 1 : 1.000 0.000 0.000
37 37 (83) 1 : 0.310 0.000 0.690
38 38 (26) 1 : 1.000 0.000 0.000
39 39 (20) 1 : 1.000 0.000 0.000
40 40 (97) 1 : 1.000 0.000 0.000
41 41 (38) 1 : 1.000 0.000 0.000
42 42 (94) 1 : 1.000 0.000 0.000
43 43 (38) 1 : 1.000 0.000 0.000
44 44 (16) 1 : 1.000 0.000 0.000
45 45 (78) 1 : 1.000 0.000 0.000
46 46 (88) 1 : 1.000 0.000 0.000
47 47 (83) 1 : 0.000 1.000 0.000
