1 1 (71) 1 : 0.397 0.000 0.000 0.603
2 2 (95) 1 : 1.000 0.000 0.000 0.000
3 3 (47) 1 : 0.680 0.000 0.000 0.320
4 4 (54) 1 : 1.000 0.000 0.000 0.000
5 5 (79) 1 : 1.000 0.000 0.000 0.000
6 6 (34) 1 : 1.000 0.000 0.000 0.000
7 7 (96) 1 : 1.000 0.000 0.000 0.000
8 8 (52) 1 : 1.000 0.000 0.000 0.000
9 9 (13) 1 : 1.000 0.000 0.000 0.000
10 10 (49) 1 : 1.000 0.000 0.000 0.000
11 11 (57) 1 : 1.000 0.000 0.000 0.000
12 12 (95) 1 : 1.000 0.000 0.000 0.000
13 13 (83) 1 : 1.000 0.000 0.000 0.000
14 14 (44) 1 : 1.000 0.000 0.000 0.000
15 15 (43) 1 : 1.000 0.000 0.000 0.000
16 16 (30) 1 : 1.000 0.000 0.000 0.000
17 17 (53) 1 : 1.000 0.000 0.000 0.000
18 18 (43) 1 : 1.000 0.000 0.000 0.000
19 19 (62) 1 : 1.000 0.000 0.000 0.000
20 20 (27) 1 : 1.000 0.000 0.000 0.000
21 21 (28) 1 : 1.000 0.000 0.000 0.000
22 22 (16) 1 : 1.000 0.000 0.000 0.000
23 23 (34) 1 : 1.000 0.000 0.000 0.000
24 24 (53) 1 : 1.000 0.000 0.000 0.000
25 25 (65) 1 : 1.000 0.000 0.000 0.000
26 26 (62) 1 : 1.000 0.000 0.000 0.000
27 27 (72) 1 : 1.000 0.000 0.000 0.000
28 28 (72) 1 : 1.000 0.000 0.000 0.000
29 29 (64) 1 : 1.000 0.000 0.000 0.000
30 30 (43) 1 : 0.999 0.001 0.000 0.000
31 31 (48) 1 : 1.000 0.000 0.000 0.000
32 32 (63) 1 : 0.761 0.239 0.000 0.000
33 33 (82) 1 : 1.000 0.000 0.000 0.000
34 34 (33) 1 : 1.000 0.000 0.000 0.000
35 35 (67) 1 : 1.000 0.000 0.000 0.000
36 36 (36) 1 : 1.000 0.000 0.000 0.000
37 37 (83) 1 : 0.346 0.000 0.654 0.000
38 38 (26) 1 : 1.000 0.000 0.000 0.000
39 39 (20) 1 : 1.000 0.000 0.000 0.000
40 40 (97) 1 : 1.000 0.000 0.000 0.000
41 41 (38) 1 : 1.000 0.000 0.000 0.000
42 42 (94) 1 : 1.000 0.000 0.000 0.000
43 43 (38) 1 : 1.000 0.000 0.000 0.000
44 44 (16) 1 : 1.000 0.000 0.000 0.000
45 45 (78) 1 : 1.000 0.000 0.000 0.000
46 46 (88) 1 : 1.000 0.000 0.000 0.000
47 47 (83) 1 : 0.000 0.000 0.000 1.000
1 1 (71) 1 : 0.397 0.000 0.000 0.603
2 2 (95) 1 : 1.000 0.000 0.000 0.000
3 3 (47) 1 : 0.680 0.000 0.000 0.320
4 4 (54) 1 : 1.000 0.000 0.000 0.000
5 5 (79) 1 : 1.000 0.000 0.000 0.000
6 6 (34) 1 : 1.000 0.000 0.000 0.000
7 7 (96) 1 : 1.000 0.000 0.000 0.000
8 8 (52) 1 : 1.000 0.000 0.000 0.000
9 9 (13) 1 : 1.000 0.000 0.000 0.000
10 10 (49) 1 : 1.000 0.000 0.000 0.000
11 11 (57) 1 : 1.000 0.000 0.000 0.000
12 12 (95) 1 : 1.000 0.000 0.000 0.000
13 13 (83) 1 : 1.000 0.000 0.000 0.000
14 14 (44) 1 : 1.000 0.000 0.000 0.000
15 15 (43) 1 : 1.000 0.000 0.000 0.000
16 16 (30) 1 : 1.000 0.000 0.000 0.000
17 17 (53) 1 : 1.000 0.000 0.000 0.000
18 18 (43) 1 : 1.000 0.000 0.000 0.000
19 19 (62) 1 : 1.000 0.000 0.000 0.000
20 20 (27) 1 : 1.000 0.000 0.000 0.000
21 21 (28) 1 : 1.000 0.000 0.000 0.000
22 22 (16) 1 : 1.000 0.000 0.000 0.000
23 23 (34) 1 : 1.000 0.000 0.000 0.000
24 24 (53) 1 : 1.000 0.000 0.000 0.000
25 25 (65) 1 : 1.000 0.000 0.000 0.000
26 26 (62) 1 : 1.000 0.000 0.000 0.000
27 27 (72) 1 : 1.000 0.000 0.000 0.000
28 28 (72) 1 : 1.000 0.000 0.000 0.000
29 29 (64) 1 : 1.000 0.000 0.000 0.000
30 30 (43) 1 : 0.999 0.000 0.001 0.000
31 31 (48) 1 : 1.000 0.000 0.000 0.000
32 32 (63) 1 : 0.761 0.000 0.239 0.000
33 33 (82) 1 : 1.000 0.000 0.000 0.000
34 34 (33) 1 : 1.000 0.000 0.000 0.000
35 35 (67) 1 : 1.000 0.000 0.000 0.000
36 36 (36) 1 : 1.000 0.000 0.000 0.000
37 37 (83) 1 : 0.345 0.655 0.000 0.000
38 38 (26) 1 : 1.000 0.000 0.000 0.000
39 39 (20) 1 : 1.000 0.000 0.000 0.000
40 40 (97) 1 : 1.000 0.000 0.000 0.000
41 41 (38) 1 : 1.000 0.000 0.000 0.000
42 42 (94) 1 : 1.000 0.000 0.000 0.000
43 43 (38) 1 : 1.000 0.000 0.000 0.000
44 44 (16) 1 : 1.000 0.000 0.000 0.000
45 45 (78) 1 : 1.000 0.000 0.000 0.000
46 46 (88) 1 : 1.000 0.000 0.000 0.000
47 47 (83) 1 : 0.000 0.000 0.000 1.000
1 1 (71) 1 : 0.603 0.397 0.000 0.000
2 2 (95) 1 : 0.000 1.000 0.000 0.000
3 3 (47) 1 : 0.320 0.680 0.000 0.000
4 4 (54) 1 : 0.000 1.000 0.000 0.000
5 5 (79) 1 : 0.000 1.000 0.000 0.000
6 6 (34) 1 : 0.000 1.000 0.000 0.000
7 7 (96) 1 : 0.000 1.000 0.000 0.000
8 8 (52) 1 : 0.000 1.000 0.000 0.000
9 9 (13) 1 : 0.000 1.000 0.000 0.000
10 10 (49) 1 : 0.000 1.000 0.000 0.000
11 11 (57) 1 : 0.000 1.000 0.000 0.000
12 12 (95) 1 : 0.000 1.000 0.000 0.000
13 13 (83) 1 : 0.000 1.000 0.000 0.000
14 14 (44) 1 : 0.000 1.000 0.000 0.000
15 15 (43) 1 : 0.000 1.000 0.000 0.000
16 16 (30) 1 : 0.000 1.000 0.000 0.000
17 17 (53) 1 : 0.000 1.000 0.000 0.000
18 18 (43) 1 : 0.000 1.000 0.000 0.000
19 19 (62) 1 : 0.000 1.000 0.000 0.000
20 20 (27) 1 : 0.000 1.000 0.000 0.000
21 21 (28) 1 : 0.000 1.000 0.000 0.000
22 22 (16) 1 : 0.000 1.000 0.000 0.000
23 23 (34) 1 : 0.000 1.000 0.000 0.000
24 24 (53) 1 : 0.000 1.000 0.000 0.000
25 25 (65) 1 : 0.000 1.000 0.000 0.000
26 26 (62) 1 : 0.000 1.000 0.000 0.000
27 27 (72) 1 : 0.000 1.000 0.000 0.000
28 28 (72) 1 : 0.000 1.000 0.000 0.000
29 29 (64) 1 : 0.000 1.000 0.000 0.000
30 30 (43) 1 : 0.000 0.999 0.000 0.001
31 31 (48) 1 : 0.000 1.000 0.000 0.000
32 32 (63) 1 : 0.000 0.748 0.252 0.000
33 33 (82) 1 : 0.000 1.000 0.000 0.000
34 34 (33) 1 : 0.000 1.000 0.000 0.000
35 35 (67) 1 : 0.000 1.000 0.000 0.000
36 36 (36) 1 : 0.000 1.000 0.000 0.000
37 37 (83) 1 : 0.000 0.324 0.676 0.000
38 38 (26) 1 : 0.000 1.000 0.000 0.000
39 39 (20) 1 : 0.000 1.000 0.000 0.000
40 40 (97) 1 : 0.000 1.000 0.000 0.000
41 41 (38) 1 : 0.000 1.000 0.000 0.000
42 42 (94) 1 : 0.000 1.000 0.000 0.000
43 43 (38) 1 : 0.000 1.000 0.000 0.000
44 44 (16) 1 : 0.000 1.000 0.000 0.000
45 45 (78) 1 : 0.000 1.000 0.000 0.000
46 46 (88) 1 : 0.000 1.000 0.000 0.000
47 47 (83) 1 : 1.000 0.000 0.000 0.000
1 1 (71) 1 : 0.397 0.603 0.000 0.000
2 2 (95) 1 : 1.000 0.000 0.000 0.000
3 3 (47) 1 : 0.680 0.320 0.000 0.000
4 4 (54) 1 : 1.000 0.000 0.000 0.000
5 5 (79) 1 : 1.000 0.000 0.000 0.000
6 6 (34) 1 : 1.000 0.000 0.000 0.000
7 7 (96) 1 : 1.000 0.000 0.000 0.000
8 8 (52) 1 : 1.000 0.000 0.000 0.000
9 9 (13) 1 : 1.000 0.000 0.000 0.000
10 10 (49) 1 : 1.000 0.000 0.000 0.000
11 11 (57) 1 : 1.000 0.000 0.000 0.000
12 12 (95) 1 : 1.000 0.000 0.000 0.000
13 13 (83) 1 : 1.000 0.000 0.000 0.000
14 14 (44) 1 : 1.000 0.000 0.000 0.000
15 15 (43) 1 : 1.000 0.000 0.000 0.000
16 16 (30) 1 : 1.000 0.000 0.000 0.000
17 17 (53) 1 : 1.000 0.000 0.000 0.000
18 18 (43) 1 : 1.000 0.000 0.000 0.000
19 19 (62) 1 : 1.000 0.000 0.000 0.000
20 20 (27) 1 : 1.000 0.000 0.000 0.000
21 21 (28) 1 : 1.000 0.000 0.000 0.000
22 22 (16) 1 : 1.000 0.000 0.000 0.000
23 23 (34) 1 : 1.000 0.000 0.000 0.000
24 24 (53) 1 : 1.000 0.000 0.000 0.000
25 25 (65) 1 : 1.000 0.000 0.000 0.000
26 26 (62) 1 : 1.000 0.000 0.000 0.000
27 27 (72) 1 : 1.000 0.000 0.000 0.000
28 28 (72) 1 : 1.000 0.000 0.000 0.000
29 29 (64) 1 : 1.000 0.000 0.000 0.000
30 30 (43) 1 : 0.999 0.000 0.000 0.001
31 31 (48) 1 : 1.000 0.000 0.000 0.000
32 32 (63) 1 : 0.748 0.000 0.252 0.000
33 33 (82) 1 : 1.000 0.000 0.000 0.000
34 34 (33) 1 : 1.000 0.000 0.000 0.000
35 35 (67) 1 : 1.000 0.000 0.000 0.000
36 36 (36) 1 : 1.000 0.000 0.000 0.000
37 37 (83) 1 : 0.324 0.000 0.676 0.000
38 38 (26) 1 : 1.000 0.000 0.000 0.000
39 39 (20) 1 : 1.000 0.000 0.000 0.000
40 40 (97) 1 : 1.000 0.000 0.000 0.000
41 41 (38) 1 : 1.000 0.000 0.000 0.000
42 42 (94) 1 : 1.000 0.000 0.000 0.000
43 43 (38) 1 : 1.000 0.000 0.000 0.000
44 44 (16) 1 : 1.000 0.000 0.000 0.000
45 45 (78) 1 : 1.000 0.000 0.000 0.000
46 46 (88) 1 : 1.000 0.000 0.000 0.000
47 47 (83) 1 : 0.000 1.000 0.000 0.000
1 1 (71) 1 : 0.000 0.000 0.603 0.397
2 2 (95) 1 : 0.000 0.000 0.000 1.000
3 3 (47) 1 : 0.000 0.000 0.320 0.680
4 4 (54) 1 : 0.000 0.000 0.000 1.000
5 5 (79) 1 : 0.000 0.000 0.000 1.000
6 6 (34) 1 : 0.000 0.000 0.000 1.000
7 7 (96) 1 : 0.000 0.000 0.000 1.000
8 8 (52) 1 : 0.000 0.000 0.000 1.000
9 9 (13) 1 : 0.000 0.000 0.000 1.000
10 10 (49) 1 : 0.000 0.000 0.000 1.000
11 11 (57) 1 : 0.000 0.000 0.000 1.000
12 12 (95) 1 : 0.000 0.000 0.000 1.000
13 13 (83) 1 : 0.000 0.000 0.000 1.000
14 14 (44) 1 : 0.000 0.000 0.000 1.000
15 15 (43) 1 : 0.000 0.000 0.000 1.000
16 16 (30) 1 : 0.000 0.000 0.000 1.000
17 17 (53) 1 : 0.000 0.000 0.000 1.000
18 18 (43) 1 : 0.000 0.000 0.000 1.000
19 19 (62) 1 : 0.000 0.000 0.000 1.000
20 20 (27) 1 : 0.000 0.000 0.000 1.000
21 21 (28) 1 : 0.000 0.000 0.000 1.000
22 22 (16) 1 : 0.000 0.000 0.000 1.000
23 23 (34) 1 : 0.000 0.000 0.000 1.000
24 24 (53) 1 : 0.000 0.000 0.000 1.000
25 25 (65) 1 : 0.000 0.000 0.000 1.000
26 26 (62) 1 : 0.000 0.000 0.000 1.000
27 27 (72) 1 : 0.000 0.000 0.000 1.000
28 28 (72) 1 : 0.000 0.000 0.000 1.000
29 29 (64) 1 : 0.000 0.000 0.000 1.000
30 30 (43) 1 : 0.001 0.000 0.000 0.999
31 31 (48) 1 : 0.000 0.000 0.000 1.000
32 32 (63) 1 : 0.000 0.252 0.000 0.748
33 33 (82) 1 : 0.000 0.000 0.000 1.000
34 34 (33) 1 : 0.000 0.000 0.000 1.000
35 35 (67) 1 : 0.000 0.000 0.000 1.000
36 36 (36) 1 : 0.000 0.000 0.000 1.000
37 37 (83) 1 : 0.000 0.675 0.000 0.325
38 38 (26) 1 : 0.000 0.000 0.000 1.000
39 39 (20) 1 : 0.000 0.000 0.000 1.000
40 40 (97) 1 : 0.000 0.000 0.000 1.000
41 41 (38) 1 : 0.000 0.000 0.000 1.000
42 42 (94) 1 : 0.000 0.000 0.000 1.000
43 43 (38) 1 : 0.000 0.000 0.000 1.000
44 44 (16) 1 : 0.000 0.000 0.000 1.000
45 45 (78) 1 : 0.000 0.000 0.000 1.000
46 46 (88) 1 : 0.000 0.000 0.000 1.000
47 47 (83) 1 : 0.000 0.000 1.000 0.000
1 1 (71) 1 : 0.000 0.000 0.397 0.603
2 2 (95) 1 : 0.000 0.000 1.000 0.000
3 3 (47) 1 : 0.000 0.000 0.680 0.320
4 4 (54) 1 : 0.000 0.000 1.000 0.000
5 5 (79) 1 : 0.000 0.000 1.000 0.000
6 6 (34) 1 : 0.000 0.000 1.000 0.000
7 7 (96) 1 : 0.000 0.000 1.000 0.000
8 8 (52) 1 : 0.000 0.000 1.000 0.000
9 9 (13) 1 : 0.000 0.000 1.000 0.000
10 10 (49) 1 : 0.000 0.000 1.000 0.000
11 11 (57) 1 : 0.000 0.000 1.000 0.000
12 12 (95) 1 : 0.000 0.000 1.000 0.000
13 13 (83) 1 : 0.000 0.000 1.000 0.000
14 14 (44) 1 : 0.000 0.000 1.000 0.000
15 15 (43) 1 : 0.000 0.000 1.000 0.000
16 16 (30) 1 : 0.000 0.000 1.000 0.000
17 17 (53) 1 : 0.000 0.000 1.000 0.000
18 18 (43) 1 : 0.000 0.000 1.000 0.000
19 19 (62) 1 : 0.000 0.000 1.000 0.000
20 20 (27) 1 : 0.000 0.000 1.000 0.000
21 21 (28) 1 : 0.000 0.000 1.000 0.000
22 22 (16) 1 : 0.000 0.000 1.000 0.000
23 23 (34) 1 : 0.000 0.000 1.000 0.000
24 24 (53) 1 : 0.000 0.000 1.000 0.000
25 25 (65) 1 : 0.000 0.000 1.000 0.000
26 26 (62) 1 : 0.000 0.000 1.000 0.000
27 27 (72) 1 : 0.000 0.000 1.000 0.000
28 28 (72) 1 : 0.000 0.000 1.000 0.000
29 29 (64) 1 : 0.000 0.000 1.000 0.000
30 30 (43) 1 : 0.000 0.001 0.999 0.000
31 31 (48) 1 : 0.000 0.000 1.000 0.000
32 32 (63) 1 : 0.252 0.000 0.748 0.000
33 33 (82) 1 : 0.000 0.000 1.000 0.000
34 34 (33) 1 : 0.000 0.000 1.000 0.000
35 35 (67) 1 : 0.000 0.000 1.000 0.000
36 36 (36) 1 : 0.000 0.000 1.000 0.000
37 37 (83) 1 : 0.676 0.000 0.324 0.000
38 38 (26) 1 : 0.000 0.000 1.000 0.000
39 39 (20) 1 : 0.000 0.000 1.000 0.000
40 40 (97) 1 : 0.000 0.000 1.000 0.000
41 41 (38) 1 : 0.000 0.000 1.000 0.000
42 42 (94) 1 : 0.000 0.000 1.000 0.000
43 43 (38) 1 : 0.000 0.000 1.000 0.000
44 44 (16) 1 : 0.000 0.000 1.000 0.000
45 45 (78) 1 : 0.000 0.000 1.000 0.000
46 46 (88) 1 : 0.000 0.000 1.000 0.000
47 47 (83) 1 : 0.000 0.000 0.000 1.000
