1.0000	0.8606	0.9072	0.9072	0.9998	0.9071	0.9999	0.9072	0.9999	0.9072	0.9998	0.9998
0.8606	1.0000	0.8972	0.8972	0.8606	0.8972	0.8606	0.8972	0.8606	0.8972	0.8607	0.8607
0.9072	0.8972	1.0000	1.0000	0.9072	0.9998	0.9072	1.0000	0.9072	1.0000	0.9072	0.9072
0.9072	0.8972	1.0000	1.0000	0.9072	0.9998	0.9072	1.0000	0.9072	1.0000	0.9072	0.9072
0.9998	0.8606	0.9072	0.9072	1.0000	0.9071	0.9999	0.9072	0.9999	0.9072	0.9998	0.9998
0.9071	0.8972	0.9998	0.9998	0.9071	1.0000	0.9071	0.9998	0.9071	0.9998	0.9071	0.9071
0.9999	0.8606	0.9072	0.9072	0.9999	0.9071	1.0000	0.9072	1.0000	0.9072	0.9999	0.9999
0.9072	0.8972	1.0000	1.0000	0.9072	0.9998	0.9072	1.0000	0.9072	1.0000	0.9072	0.9072
0.9999	0.8606	0.9072	0.9072	0.9999	0.9071	1.0000	0.9072	1.0000	0.9072	0.9999	0.9999
0.9072	0.8972	1.0000	1.0000	0.9072	0.9998	0.9072	1.0000	0.9072	1.0000	0.9072	0.9072
0.9998	0.8607	0.9072	0.9072	0.9998	0.9071	0.9999	0.9072	0.9999	0.9072	1.0000	1.0000
0.9998	0.8607	0.9072	0.9072	0.9998	0.9071	0.9999	0.9072	0.9999	0.9072	1.0000	1.0000
