0.3990 0.6010
1.0000 0.0000
0.6800 0.3200
1.0000 0.0000
1.0000 0.0000
1.0000 0.0000
1.0000 0.0000
1.0000 0.0000
1.0000 0.0000
1.0000 0.0000
1.0000 0.0000
1.0000 0.0000
1.0000 0.0000
1.0000 0.0000
1.0000 0.0000
1.0000 0.0000
1.0000 0.0000
1.0000 0.0000
1.0000 0.0000
1.0000 0.0000
1.0000 0.0000
1.0000 0.0000
1.0000 0.0000
1.0000 0.0000
1.0000 0.0000
1.0000 0.0000
1.0000 0.0000
1.0000 0.0000
1.0000 0.0000
1.0000 0.0000
1.0000 0.0000
0.7668 0.2332
1.0000 0.0000
1.0000 0.0000
1.0000 0.0000
1.0000 0.0000
0.4060 0.5940
1.0000 0.0000
1.0000 0.0000
1.0000 0.0000
1.0000 0.0000
1.0000 0.0000
1.0000 0.0000
1.0000 0.0000
1.0000 0.0000
1.0000 0.0000
0.0000 1.0000
