0.3939 0.0535 0.5526
1.0000 0.0000 0.0000
0.6786 0.0280 0.2934
1.0000 0.0000 0.0000
1.0000 0.0000 0.0000
1.0000 0.0000 0.0000
1.0000 0.0000 0.0000
1.0000 0.0000 0.0000
1.0000 0.0000 0.0000
1.0000 0.0000 0.0000
1.0000 0.0000 0.0000
1.0000 0.0000 0.0000
1.0000 0.0000 0.0000
1.0000 0.0000 0.0000
1.0000 0.0000 0.0000
1.0000 0.0000 0.0000
1.0000 0.0000 0.0000
1.0000 0.0000 0.0000
1.0000 0.0000 0.0000
1.0000 0.0000 0.0000
1.0000 0.0000 0.0000
1.0000 0.0000 0.0000
1.0000 0.0000 0.0000
1.0000 0.0000 0.0000
1.0000 0.0000 0.0000
1.0000 0.0000 0.0000
1.0000 0.0000 0.0000
1.0000 0.0000 0.0000
1.0000 0.0000 0.0000
0.9995 0.0005 0.0000
1.0000 0.0000 0.0000
0.7532 0.2468 0.0000
1.0000 0.0000 0.0000
1.0000 0.0000 0.0000
1.0000 0.0000 0.0000
1.0000 0.0000 0.0000
0.3672 0.3393 0.2935
1.0000 0.0000 0.0000
1.0000 0.0000 0.0000
1.0000 0.0000 0.0000
1.0000 0.0000 0.0000
1.0000 0.0000 0.0000
1.0000 0.0000 0.0000
1.0000 0.0000 0.0000
1.0000 0.0000 0.0000
1.0000 0.0000 0.0000
0.0000 0.0000 1.0000
