1680116458
1680117262
1680117262
1680117262
1680117262
1680117263
1680117287
1680117287
1680117287
1680117287
1680117287
1680117348
1680117348
1680117348
1680117348
1680117348
1680117364
1680117364
1680117365
1680117365
1680117365
1680117439
1680117439
1680117440
1680117440
1680117440
1680117775
1680117775
1680117775
1680117775
1680117775
1680117808
1680117808
1680117808
1680117808
1680117809
1680117857
1680117857
1680117857
1680117858
1680117858
1680118115
1680118115
1680118115
1680118115
1680118115
1680118159
1680118160
1680118160
1680118160
1680118160
1680118175
1680118175
1680118175
1680118175
1680118176
1680118227
1680118227
1680118228
1680118228
1680118228
1680118302
1680118302
1680118303
1680118303
1680118303
1680118420
1680118430
1680118444
1680118449
1680118462
1680118957
1680118965
1680118976
1680118982
1680118987
1680118995
1680119006
1680119053
1680119120
1680119138
1680119149
1680119172
1680119306
1680132026
1680132044
1680132171
1680132216
1680132930
1680133033
1680133120
1680133290
1680133341
1680133399
1680133416
1680133475
1680133543
1680133630
1680134129
1680134258
1680134289
1680139862
1680146239
1680153339
1680160967
1680188343
1680188348
1680188350
1680188352
1680188366
1680190176
1680190791
1680190797
1680190909
1680191003
1680191063
1680191094
1680191123
1680196975
1680198081
1680198860
1680199586
1680201119
1680202980
1680205217
1680206704
1680208148
1680208904
1680211056
1680212391
1680214650
1680214893
1680216844
1680219450
1680220353
1680220859
1680222401
1680225647
1680226712
1680226972
1680230610
1680230890
1680233046
1680233948
1680234481
1680238701
1680238996
1680239892
1680240863
1680242911
1680244927
1680246413
1680248063
1680249238
1680251403
1680254253
1680254967
1680258178
1680259570
1680261825
1680266968
1680267731
1680275753
