1.0000 0.9090 0.9640 0.9998 0.9640 0.9090 0.9090 0.9998 0.9998 0.9640 0.9998 0.9998
0.9090 1.0000 0.9005 0.9090 0.9006 0.9999 0.9999 0.9091 0.9091 0.9005 0.9090 0.9090
0.9640 0.9005 1.0000 0.9640 0.9998 0.9005 0.9005 0.9640 0.9640 0.9999 0.9640 0.9640
0.9998 0.9090 0.9640 1.0000 0.9640 0.9090 0.9090 0.9996 0.9997 0.9640 1.0000 1.0000
0.9640 0.9006 0.9998 0.9640 1.0000 0.9006 0.9006 0.9640 0.9640 0.9999 0.9640 0.9640
0.9090 0.9999 0.9005 0.9090 0.9006 1.0000 0.9998 0.9091 0.9091 0.9005 0.9090 0.9090
0.9090 0.9999 0.9005 0.9090 0.9006 0.9998 1.0000 0.9091 0.9091 0.9005 0.9090 0.9090
0.9998 0.9091 0.9640 0.9996 0.9640 0.9091 0.9091 1.0000 0.9998 0.9640 0.9996 0.9996
0.9998 0.9091 0.9640 0.9997 0.9640 0.9091 0.9091 0.9998 1.0000 0.9640 0.9997 0.9997
0.9640 0.9005 0.9999 0.9640 0.9999 0.9005 0.9005 0.9640 0.9640 1.0000 0.9640 0.9640
0.9998 0.9090 0.9640 1.0000 0.9640 0.9090 0.9090 0.9996 0.9997 0.9640 1.0000 1.0000
0.9998 0.9090 0.9640 1.0000 0.9640 0.9090 0.9090 0.9996 0.9997 0.9640 1.0000 1.0000
