1.0000 0.9999 0.9640 0.9026 0.9640 0.9026 0.9640 0.9027 0.9640 0.9026 0.9026 0.9026
0.9999 1.0000 0.9640 0.9026 0.9640 0.9026 0.9640 0.9026 0.9640 0.9026 0.9026 0.9026
0.9640 0.9640 1.0000 0.9072 1.0000 0.9072 0.9999 0.9072 1.0000 0.9072 0.9072 0.9072
0.9026 0.9026 0.9072 1.0000 0.9072 0.9999 0.9073 0.9998 0.9072 0.9999 1.0000 1.0000
0.9640 0.9640 1.0000 0.9072 1.0000 0.9072 0.9999 0.9072 1.0000 0.9072 0.9072 0.9072
0.9026 0.9026 0.9072 0.9999 0.9072 1.0000 0.9073 0.9998 0.9072 0.9998 0.9999 0.9999
0.9640 0.9640 0.9999 0.9073 0.9999 0.9073 1.0000 0.9073 0.9999 0.9073 0.9073 0.9073
0.9027 0.9026 0.9072 0.9998 0.9072 0.9998 0.9073 1.0000 0.9072 0.9997 0.9998 0.9998
0.9640 0.9640 1.0000 0.9072 1.0000 0.9072 0.9999 0.9072 1.0000 0.9072 0.9072 0.9072
0.9026 0.9026 0.9072 0.9999 0.9072 0.9998 0.9073 0.9997 0.9072 1.0000 0.9999 0.9999
0.9026 0.9026 0.9072 1.0000 0.9072 0.9999 0.9073 0.9998 0.9072 0.9999 1.0000 1.0000
0.9026 0.9026 0.9072 1.0000 0.9072 0.9999 0.9073 0.9998 0.9072 0.9999 1.0000 1.0000
