 1        1  (71)      1 :  0.0000 0.3973 0.0000 0.0000 0.6028 
 2        2  (95)      1 :  0.0000 1.0000 0.0000 0.0000 0.0000 
 3        3  (47)      1 :  0.0000 0.6803 0.0000 0.0000 0.3197 
 4        4  (54)      1 :  0.0000 1.0000 0.0000 0.0000 0.0000 
 5        5  (79)      1 :  0.0000 1.0000 0.0000 0.0000 0.0000 
 6        6  (34)      1 :  0.0000 1.0000 0.0000 0.0000 0.0000 
 7        7  (96)      1 :  0.0000 1.0000 0.0000 0.0000 0.0000 
 8        8  (52)      1 :  0.0000 1.0000 0.0000 0.0000 0.0000 
 9        9  (13)      1 :  0.0000 1.0000 0.0000 0.0000 0.0000 
10       10  (49)      1 :  0.0000 1.0000 0.0000 0.0000 0.0000 
11       11  (57)      1 :  0.0000 1.0000 0.0000 0.0000 0.0000 
12       12  (95)      1 :  0.0000 1.0000 0.0000 0.0000 0.0000 
13       13  (83)      1 :  0.0000 1.0000 0.0000 0.0000 0.0000 
14       14  (44)      1 :  0.0000 1.0000 0.0000 0.0000 0.0000 
15       15  (43)      1 :  0.0000 1.0000 0.0000 0.0000 0.0000 
16       16  (30)      1 :  0.0000 1.0000 0.0000 0.0000 0.0000 
17       17  (53)      1 :  0.0000 1.0000 0.0000 0.0000 0.0000 
18       18  (43)      1 :  0.0000 1.0000 0.0000 0.0000 0.0000 
19       19  (62)      1 :  0.0000 1.0000 0.0000 0.0000 0.0000 
20       20  (27)      1 :  0.0000 1.0000 0.0000 0.0000 0.0000 
21       21  (28)      1 :  0.0000 1.0000 0.0000 0.0000 0.0000 
22       22  (16)      1 :  0.0000 1.0000 0.0000 0.0000 0.0000 
23       23  (34)      1 :  0.0000 1.0000 0.0000 0.0000 0.0000 
24       24  (53)      1 :  0.0000 1.0000 0.0000 0.0000 0.0000 
25       25  (65)      1 :  0.0000 1.0000 0.0000 0.0000 0.0000 
26       26  (62)      1 :  0.0000 1.0000 0.0000 0.0000 0.0000 
27       27  (72)      1 :  0.0000 1.0000 0.0000 0.0000 0.0000 
28       28  (72)      1 :  0.0000 1.0000 0.0000 0.0000 0.0000 
29       29  (64)      1 :  0.0000 1.0000 0.0000 0.0000 0.0000 
30       30  (43)      1 :  0.0001 0.9981 0.0010 0.0008 0.0000 
31       31  (48)      1 :  0.0000 1.0000 0.0000 0.0000 0.0000 
32       32  (63)      1 :  0.0420 0.7588 0.0000 0.1992 0.0000 
33       33  (82)      1 :  0.0000 1.0000 0.0000 0.0000 0.0000 
34       34  (33)      1 :  0.0000 1.0000 0.0000 0.0000 0.0000 
35       35  (67)      1 :  0.0000 1.0000 0.0000 0.0000 0.0000 
36       36  (36)      1 :  0.0000 1.0000 0.0000 0.0000 0.0000 
37       37  (83)      1 :  0.6036 0.3475 0.0000 0.0000 0.0488 
38       38  (26)      1 :  0.0000 1.0000 0.0000 0.0000 0.0000 
39       39  (20)      1 :  0.0000 1.0000 0.0000 0.0000 0.0000 
40       40  (97)      1 :  0.0000 1.0000 0.0000 0.0000 0.0000 
41       41  (38)      1 :  0.0000 1.0000 0.0000 0.0000 0.0000 
42       42  (94)      1 :  0.0000 1.0000 0.0000 0.0000 0.0000 
43       43  (38)      1 :  0.0000 1.0000 0.0000 0.0000 0.0000 
44       44  (16)      1 :  0.0000 1.0000 0.0000 0.0000 0.0000 
45       45  (78)      1 :  0.0000 1.0000 0.0000 0.0000 0.0000 
46       46  (88)      1 :  0.0000 1.0000 0.0000 0.0000 0.0000 
47       47  (83)      1 :  0.0000 0.0000 0.0000 0.0000 1.0000 
